%YAML:1.0
---
calibration_time: "2023년 06월 29일 (목) 오후 05시 27분 40초"
image_width: 1920
image_height: 1080
flags: 0
camera_matrix: !!opencv-matrix
   rows: 3
   cols: 3
   dt: d
   data: [ 1.3456435414975915e+03, 0., 9.8557920668627412e+02, 0.,
       1.3456741003515142e+03, 5.3652314932071727e+02, 0., 0., 1. ]
distortion_coefficients: !!opencv-matrix
   rows: 1
   cols: 5
   dt: d
   data: [ 5.4069439241801222e-02, 2.0011084583100838e-01,
       -2.6882096538965073e-05, 2.1063277508896012e-04,
       -9.5115563875189746e-01 ]
avg_reprojection_error: 1.0850891950700476e+00
