%YAML:1.0
---
calibration_time: "2023년 08월 17일 (목) 오후 06시 49분 22초"
image_width: 960
image_height: 540
flags: 0
camera_matrix: !!opencv-matrix
   rows: 3
   cols: 3
   dt: d
   data: [ 8.0878777166348402e+02, 0., 4.8003284949538255e+02, 0.,
       7.9107632990235516e+02, 2.1666475848739930e+02, 0., 0., 1. ]
distortion_coefficients: !!opencv-matrix
   rows: 1
   cols: 5
   dt: d
   data: [ -1.3711823847676968e-01, 9.3422201287542583e-01,
       5.7328410707677691e-02, -2.0490342064059298e-02,
       -2.6905920586837921e+00 ]
avg_reprojection_error: 3.9197733912045094e+00
