%YAML:1.0
---
calibration_time: "2023년 08월 18일 (금) 오후 12시 34분 11초"
image_width: 960
image_height: 540
flags: 0
camera_matrix: !!opencv-matrix
   rows: 3
   cols: 3
   dt: d
   data: [ 6.8410578695812853e+02, 0., 4.8951104199082909e+02, 0.,
       6.7405438170924822e+02, 2.6024355970268857e+02, 0., 0., 1. ]
distortion_coefficients: !!opencv-matrix
   rows: 1
   cols: 5
   dt: d
   data: [ 2.0605433669651760e-01, -5.1580609750417605e-01,
       1.5458356876041919e-02, 2.0346223211535944e-03,
       3.3784449561713931e-01 ]
avg_reprojection_error: 2.0823404904721969e+00
